2053,3
2053,1
2053,0
16,3
16,1
16,0
4,3
4,2
4,1
4,0
3,6
3,5
3,4
3,3
3,2
3,1
3,0
1,3
1,2
1,1
1,0
0,511
0,510
0,502
0,436
0,433
0,424
0,423
0,422
0,417
0,411
0,400
0,399
0,398
0,397
0,396
0,395
0,393
0,392
0,391
0,383
0,381
0,380
0,375
0,373
0,372
0,370
0,369
0,368
0,366
0,365
0,364
0,363
0,359
0,355
0,354
0,352
0,349
0,348
0,347
0,346
0,345
0,343
0,342
0,341
0,339
0,334
0,333
0,332
0,331
0,330
0,328
0,327
0,326
0,324
0,323
0,321
0,320
0,314
0,313
0,306
0,243
0,9
0,310
0,305
0,312
0,308
0,304
0,303
0,302
0,307
0,12
0,420
0,10
0,8
0,0
0,362
0,300
0,413
0,299
0,455
0,298
0,501
0,297
0,452
0,296
0,454
0,295
0,439
0,294
0,293
0,410
0,292
0,291
0,318
0,290
0,317
0,289
0,382
0,288
0,470
0,287
0,421
0,286
0,504
0,285
0,441
0,284
0,329
0,283
0,282
0,468
0,281
0,479
0,280
0,279
0,378
0,278
0,409
0,277
0,309
0,276
0,453
0,275
0,412
0,274
0,499
0,273
0,467
0,272
0,357
0,271
0,498
0,270
0,493
0,269
0,485
0,268
0,497
0,267
0,432
0,266
0,466
0,265
0,496
0,264
0,459
0,263
0,301
0,262
0,494
0,261
0,407
0,260
0,356
0,259
0,428
0,258
0,492
0,257
0,440
0,256
0,406
0,255
0,405
0,254
0,253
0,464
0,252
0,403
0,251
0,447
0,250
0,490
0,249
0,418
0,248
0,450
0,247
0,462
0,246
0,353
0,245
0,489
0,244
0,325
0,242
0,415
0,241
0,240
0,419
0,239
0,386
0,238
0,458
0,237
0,483
0,236
0,384
0,235
0,505
0,234
0,495
0,233
0,316
0,232
0,482
0,231
0,463
0,230
0,446
0,229
0,351
0,228
0,427
0,227
0,226
0,481
0,225
0,350
0,224
0,448
0,223
0,461
0,222
0,444
0,221
0,435
0,220
0,480
